# FAST-LIVO2 calibration format
cam_model: Pinhole
cam_width: 346
cam_height: 260
scale: 1.0
cam_fx: 379.026
cam_fy: 379.145
cam_cx: 162.389
cam_cy: 126.403
cam_d0: -0.386
cam_d1: 0.2759
cam_d2: -0.00035186
cam_d3: -0.00033458

Rcl: [ -0.008602,  -0.999936,  -0.007431,
        0.346154,   0.003994,  -0.938169,
        0.938138,  -0.010642,   0.346097]
Pcl: [ -0.002251,  -0.093415,   0.022636]
